4.099089556747584906e-01
1.054680642921890510e-01
6.032863463419174677e-02
4.735697225496391521e-02
2.984299230063884589e-02
2.211309843109383541e-02
1.554391401146736768e-02
1.434121054098832192e-02
1.333390519063381088e-02
1.076555173227143440e-02
1.010017091347640769e-02
9.497259081620919308e-03
8.929346887322525683e-03
8.352220499707452978e-03
7.602343565220183279e-03
6.863028850323104647e-03
6.453053687156953995e-03
6.109824485823206995e-03
5.670286342030611375e-03
5.465413740471655908e-03
4.985380830216551082e-03
4.716355433612879310e-03
4.194741923495016664e-03
3.658974440488484831e-03
3.547379951865455190e-03
3.336942335917210140e-03
3.271736788631895380e-03
3.091542337588472009e-03
3.025734775509254879e-03
2.923141056474767765e-03
2.783722911470953593e-03
2.719978347292574539e-03
2.640331299851433281e-03
2.601745360572204832e-03
2.496351434603069196e-03
2.180098780278891084e-03
2.160805164824952749e-03
2.024784682794435100e-03
1.977391816706113980e-03
1.955497556430496782e-03
1.884558133956392790e-03
1.877855882422429503e-03
1.801851287595247243e-03
1.720719544875469941e-03
1.698636540217068674e-03
1.658978912206463549e-03
1.618000071731913242e-03
1.571306738551539548e-03
1.523099340644473330e-03
1.507641077469566672e-03
1.486201593902191460e-03
1.422399593576995254e-03
1.407108369400634443e-03
1.322277166615927826e-03
1.315287149065732901e-03
1.286587097468263122e-03
1.244286669567675656e-03
1.237284701047891133e-03
1.187102851371203563e-03
1.155061745757245215e-03
1.114338383744309640e-03
1.093886694127957880e-03
1.085092159976848132e-03
1.027239023598031185e-03
1.004452607995018560e-03
9.832675604106325216e-04
9.787207198422485065e-04
9.492469948726344137e-04
9.351324307760210596e-04
9.255956359290280549e-04
8.919828754056326799e-04
8.544715184837606845e-04
8.484846809993549328e-04
8.327661865956003827e-04
8.282314894113894724e-04
8.109476082348665658e-04
8.034673365105122556e-04
7.987665354682718438e-04
7.829692076799448603e-04
7.721479033972729420e-04
7.517240952859223285e-04
7.455558744493997851e-04
7.370671958677736018e-04
7.336969059364276992e-04
7.012972564619167305e-04
6.967196930847579291e-04
6.774936276880863355e-04
6.618589004489583210e-04
6.599118707924068279e-04
6.585346938903922009e-04
6.497775438148678485e-04
6.412994117460271530e-04
6.294802135309019147e-04
6.259407470671072464e-04
6.041684503006640320e-04
6.030167879989233298e-04
5.899954805232406150e-04
5.823320609646745732e-04
5.788149973591825244e-04
5.608406292093659831e-04
5.524679196560869148e-04
5.376174016390383248e-04
5.352681789208264904e-04
5.277955021506548902e-04
5.203945819606131413e-04
5.193148991260929104e-04
5.139425384361320315e-04
5.073822973144438047e-04
4.922868065580490640e-04
4.887120700679171590e-04
4.862381087760252445e-04
4.832020104297892610e-04
4.787203169414284759e-04
4.699535297611355717e-04
4.652061696383240222e-04
4.597044785740075868e-04
4.448788790443023063e-04
4.429247989510879898e-04
4.338766528305240460e-04
4.299080242970527641e-04
4.263719658231450264e-04
4.186653332309564230e-04
4.144618789010993888e-04
4.086853714917310348e-04
4.080549712353695609e-04
3.996490620124849586e-04
3.960215874390634661e-04
3.923256754159773333e-04
3.878439384345312756e-04
3.852839741557172377e-04
3.844790862970601177e-04
3.759991730056106134e-04
3.685626729688118203e-04
3.624850903477797232e-04
3.618429403579279417e-04
3.566017007614060525e-04
3.515460963825151942e-04
3.508409930020459284e-04
3.453479836916058992e-04
3.433826225384774603e-04
3.400936999702945879e-04
3.383054179316980999e-04
3.333518065653420358e-04
3.305605810535915058e-04
3.292109316828582778e-04
3.250485439405942627e-04
3.232523698851069195e-04
3.163961585770621644e-04
3.143361857395649168e-04
3.091431371793668830e-04
3.075952633807291442e-04
3.040741724064898442e-04
3.021056051709102323e-04
3.001477890542380298e-04
2.932861618659144136e-04
2.912929169591392227e-04
2.886159603197875991e-04
2.872371657332063754e-04
2.844291980730116027e-04
2.826308339445659330e-04
2.797474889156979696e-04
2.783419074157791645e-04
2.764928647498137294e-04
2.741647826899197386e-04
2.723459305673846058e-04
2.694551228970339541e-04
2.684978822028946405e-04
2.619327364223332554e-04
2.607474046531946081e-04
2.603466079559737080e-04
2.562771472010975157e-04
2.534922799371812558e-04
2.503060652531517846e-04
2.475674761744348670e-04
2.462418452072567929e-04
2.437933136438033273e-04
2.421601591290466356e-04
2.404290964084545277e-04
2.376910088100956363e-04
2.367553190142330317e-04
2.338495000321014216e-04
2.311918503592580280e-04
2.299448849976386418e-04
2.271741553593274981e-04
2.267946512645492043e-04
2.243355410575170804e-04
2.218927885238942467e-04
2.209130632006591605e-04
2.199848661876236072e-04
2.170217552062466001e-04
2.161608974611999912e-04
2.147134638424504538e-04
2.123770377741323765e-04
2.105199062394011976e-04
2.089115938794923423e-04
2.065466521621688836e-04
2.056491358814555785e-04
2.032265761141765288e-04
2.014054907352602489e-04
1.999790454545766303e-04
1.989102316583792789e-04
1.975348410719874161e-04
1.963241705592651157e-04
1.946538801990551162e-04
1.939151232897088890e-04
1.921159279118809311e-04
1.906069608146782101e-04
1.894047144839902056e-04
1.874348792688695952e-04
1.851081139949170660e-04
1.846200649427057856e-04
1.843711438028230163e-04
1.825488051205886755e-04
1.808096447990302058e-04
1.802458355442312628e-04
1.776060287857763275e-04
1.758582307855203152e-04
1.758126840593427431e-04
1.746367681972054592e-04
1.724684652927408357e-04
1.712175446198110386e-04
1.708182307542391656e-04
1.694246064990697937e-04
1.672623594173100676e-04
1.661537754724533886e-04
1.656613028433920451e-04
1.643836531507959417e-04
1.634741884424534145e-04
1.627618761587450657e-04
1.610106552739951720e-04
1.609149290874919297e-04
1.591381012040888037e-04
1.579185951958843065e-04
1.575847395542453728e-04
1.565745420742168216e-04
1.555983208963158232e-04
1.541500208729339216e-04
1.533379098140468812e-04
1.519623024497395759e-04
1.505856727170553559e-04
1.493678865465044160e-04
1.488204154610774078e-04
1.479249081579755672e-04
1.467044714008934961e-04
1.458646950214238206e-04
1.446423940522601436e-04
1.437692482680161428e-04
1.429151724787543654e-04
1.414378978591395298e-04
1.409456867019515548e-04
1.403196063065351119e-04
1.396606865606327553e-04
1.385835434502822097e-04
1.378901706988656288e-04
1.371031559444598380e-04
1.360249434869487215e-04
1.352072800497392121e-04
1.338898806940917827e-04
1.330598539739004252e-04
1.316404932500701353e-04
1.315670959969807597e-04
1.306221456860557999e-04
1.303263286674407012e-04
1.290492302526665737e-04
1.282979766088894154e-04
1.268401995655379759e-04
1.257725378868702047e-04
1.246709465054976062e-04
1.242048149884548340e-04
1.236010097554769282e-04
1.231669717935196442e-04
1.217562977055435441e-04
1.210987777934311680e-04
1.207544783787263646e-04
1.196886153521403197e-04
1.187472379998275078e-04
1.180855458027494102e-04
1.175010047808642340e-04
1.172599704501844014e-04
1.169050889549677066e-04
1.158341383783259581e-04
1.155554971208790760e-04
1.140743721072958014e-04
1.134557185968187044e-04
1.127758207043417295e-04
1.119865294182875650e-04
1.109473978443264325e-04
1.103409455428046749e-04
1.097977179360633206e-04
1.096018249765667656e-04
1.087520225111890035e-04
1.078647083744668956e-04
1.073857561286896249e-04
1.069682792247372952e-04
1.067797953196101255e-04
1.061499651820035917e-04
1.053492193225874594e-04
1.044793719450521643e-04
1.038658218068936364e-04
1.029371240439062711e-04
1.023860616443057541e-04
1.021310885684298815e-04
1.018110944419443821e-04
1.014555920148149345e-04
1.010246356123261865e-04
1.004775583001976110e-04
9.965390573842516822e-05
9.940017908544055900e-05
9.856375810257164271e-05
9.831050243960692716e-05
9.766832718768411899e-05
9.714107348585827829e-05
9.670220078027966020e-05
9.611227256802498502e-05
9.543799109050526584e-05
9.538583296735953898e-05
9.490319945721343675e-05
9.377899162549991621e-05
9.368020367907565105e-05
9.267149685287348105e-05
9.246665132853378304e-05
9.187121619425711919e-05
9.135395955049131452e-05
9.068059732745315817e-05
9.040340503214433401e-05
9.013046931336851479e-05
8.945798357170806905e-05
8.901038360477037494e-05
8.806836785330804688e-05
8.776561975595544235e-05
8.722126157144626272e-05
8.668708393589972638e-05
8.624357008012322498e-05
8.592560789359310347e-05
8.567862274297115169e-05
8.490227940028893740e-05
8.476250974488280495e-05
8.392092340675264234e-05
8.360004404066541438e-05
8.340649160472737909e-05
8.312783305477012359e-05
8.298783355450143392e-05
8.224979676842020791e-05
8.179722450477563999e-05
8.127749374033761080e-05
8.057892899292003913e-05
8.039949829542201488e-05
8.020888344860219860e-05
7.980405175347296402e-05
7.968699407053089680e-05
7.922404477664406154e-05
7.907521667557458839e-05
7.838393302454468078e-05
7.827007701169284772e-05
7.763604592695412076e-05
7.730872532509100361e-05
7.685399039407797811e-05
7.655982763318980213e-05
7.559738238574648138e-05
7.515335486834499954e-05
7.468281809965658245e-05
7.449842155009768940e-05
7.426576157883384534e-05
7.400255131073188984e-05
7.355326996131859103e-05
7.328906082905542506e-05
7.304987232351085457e-05
7.266861782915872651e-05
7.238330219550795797e-05
7.207357346415540686e-05
7.127142535113539248e-05
7.103397358149063639e-05
7.062005723733150392e-05
7.025984075276557703e-05
7.002222103875847868e-05
6.972595145703200424e-05
6.937605188720375653e-05
6.917232565320785836e-05
6.889362476085190480e-05
6.883917724819234286e-05
6.834432149616676022e-05
6.828317326092863142e-05
6.772992670618839138e-05
6.748353103539212318e-05
6.690239730443687204e-05
6.688688647563539337e-05
6.645550799788465667e-05
6.630197370014187855e-05
6.573211730948403991e-05
6.549061337684799566e-05
6.509844667072424461e-05
6.450567017717965428e-05
6.438037945196289642e-05
6.405033704416496893e-05
6.396764838063645920e-05
6.363406081152321028e-05
6.338382960182754151e-05
6.312758741830973460e-05
6.276865684979914060e-05
6.237985421139898273e-05
6.216356560852860820e-05
6.207362170569450776e-05
6.182502818996792298e-05
6.138390082291801436e-05
6.113633699152244770e-05
6.066083414953308233e-05
6.040516614635875784e-05
5.995834231749057433e-05
5.982646137178178884e-05
5.950826202935375416e-05
5.938636873242725863e-05
5.909927725829217598e-05
5.898190942793965578e-05
5.884592222179090026e-05
5.846920872996848204e-05
5.815312858629508502e-05
5.790396874365573958e-05
5.782391689297911535e-05
5.733704869723134335e-05
5.688223791329316022e-05
5.662642710060683738e-05
5.644498375211258457e-05
5.627964508715298052e-05
5.608210768327500582e-05
5.581185556518014921e-05
5.564623700519500603e-05
5.529510081574882740e-05
5.511754648349020903e-05
5.490000141815351055e-05
5.463955514492882943e-05
5.448185789710248097e-05
5.423984294255543130e-05
5.412007156275817790e-05
5.389571653283396654e-05
5.346200932572425188e-05
5.341546509703419847e-05
5.312093183684780945e-05
5.288331619907520536e-05
5.265569717694941427e-05
5.254435029217545790e-05
5.214058319270211680e-05
5.200264673126966074e-05
5.185656103542425361e-05
5.170863856062539747e-05
5.157673750026757730e-05
5.123425678806829161e-05
5.098203798526937001e-05
5.079334075401225972e-05
5.069294312666756486e-05
5.049582788601481882e-05
5.021286167443995025e-05
4.987979332229920492e-05
4.977443553919301691e-05
4.954170612734127660e-05
4.939491813709862467e-05
4.913918510318210895e-05
4.897332804211637289e-05
4.874563742868436142e-05
4.839141789360458599e-05
4.805037095866729661e-05
4.788199942683129021e-05
4.772174900465008370e-05
4.769702742105434679e-05
4.739175195987328917e-05
4.723321133133016842e-05
4.706190573253354523e-05
4.688493447235458613e-05
4.664672250754469188e-05
4.652703257770787575e-05
4.627760315124215807e-05
4.607057246156805565e-05
4.593976232477879119e-05
4.563488765957278924e-05
4.555535829350806253e-05
4.549556821490957653e-05
4.517535234362836117e-05
4.505793237210655621e-05
4.485315170737208686e-05
4.455546734732205205e-05
4.449002252869650807e-05
4.433738473368777853e-05
4.418025024395823942e-05
4.412755078813234696e-05
4.376457804561614373e-05
4.360751598921756459e-05
4.328840348779256457e-05
4.304002103003741329e-05
4.296654886506210520e-05
4.290281041126698736e-05
4.279400870809985119e-05
4.259442042372730490e-05
4.251057234812959530e-05
4.221485586927289322e-05
4.203431674486395731e-05
4.199735593246328323e-05
4.189735234622929633e-05
4.166965761040611539e-05
4.151338366189515501e-05
4.134343988937536665e-05
4.129903652388265163e-05
4.114503102530733673e-05
4.085683573656373084e-05
4.083638126191014509e-05
4.065324205834662508e-05
4.047809592818027663e-05
4.044425259582773934e-05
4.018616898483396327e-05
4.013844696370725759e-05
4.009214074681915585e-05
3.963861028262895253e-05
3.958768493102554409e-05
3.945896543787837845e-05
3.932444676361424062e-05
3.908452462576902947e-05
3.902505362715452902e-05
3.891428778669153867e-05
3.871666006113643805e-05
3.861488741488085718e-05
3.854071808574580701e-05
3.838356170325171626e-05
3.822704150398256793e-05
3.818114933448614169e-05
3.793192991007051593e-05
3.783052378768545437e-05
3.760645844417776710e-05
3.735629059095335174e-05
3.729667069343217163e-05
3.717294786261744516e-05
3.705571521934359236e-05
3.698432214514191219e-05
3.691023512810853605e-05
3.675680341667784306e-05
3.671121988849602362e-05
3.645839176463018571e-05
3.640721548657004027e-05
3.633007468181125813e-05
3.614160161469093816e-05
3.601735084262900103e-05
3.584609810116099930e-05
3.578333628049314299e-05
3.565135271622902133e-05
3.557564123435377328e-05
3.535351257958788362e-05
3.524689062526394204e-05
3.522304862465603032e-05
3.495840016293669489e-05
3.487540674778085668e-05
3.477679767292977080e-05
3.464736501715925504e-05
3.449967318997321740e-05
3.434888596047617630e-05
3.411894221897027288e-05
3.401724073865158469e-05
3.386294037151436312e-05
3.376934270250405118e-05
3.352227121788457190e-05
3.350757835819478080e-05
3.344201063775341685e-05
3.332883916892514115e-05
3.319449394149952617e-05
3.312459486803169518e-05
3.296809585259928864e-05
3.285292154550438596e-05
3.284109850504760377e-05
3.268763121175593292e-05
3.255952447951304034e-05
3.244163162182010980e-05
3.241746501535774764e-05
3.223310793571941161e-05
3.204536548479922683e-05
3.197281730950704483e-05
3.196104989034093054e-05
3.189121382229702996e-05
3.174660373333754447e-05
3.163379965213310472e-05
3.153621886252162295e-05
3.148381486657111401e-05
3.121346395552457347e-05
3.113247550301889672e-05
3.110951415012150171e-05
3.104915275840559570e-05
3.091176632223563761e-05
3.089454642609404188e-05
3.063827443668377351e-05
3.048071031840885494e-05
3.045094605711779582e-05
3.042710696030569956e-05
3.033783595265905205e-05
3.029748506418444826e-05
3.010832257667509198e-05
2.992861741034382031e-05
2.986622441471962762e-05
2.975689997181505287e-05
2.963380114209031917e-05
2.960526275068595342e-05
2.951256340903865929e-05
2.941443489268507253e-05
2.932026399370017144e-05
2.926042905132327591e-05
2.923908210118928000e-05
2.905135742396100339e-05
2.895434934245914646e-05
2.885399900871430797e-05
2.876517310680075441e-05
2.866211318970139058e-05
2.858010401754686546e-05
2.847511206234635541e-05
2.844197289775619376e-05
2.827840386327397227e-05
2.817504065174004823e-05
2.809668622876947044e-05
2.789213635826359169e-05
2.783027496012167371e-05
2.776511548578549144e-05
2.765114707468795902e-05
2.758394059318251067e-05
2.749604521303127864e-05
2.746376030827147149e-05
2.737278174772449847e-05
2.732326059552841820e-05
2.715661470714214425e-05
2.707644535912873585e-05
2.696344344583983147e-05
2.689708749177650558e-05
2.676230181920735823e-05
2.673356932927187742e-05
2.671937789811391366e-05
2.656620614583898488e-05
2.642365809427384975e-05
2.630539523256656025e-05
2.625720878920441399e-05
2.621673340326009016e-05
2.612801835080534986e-05
2.598744827006975271e-05
2.597300340774508443e-05
2.586509233733080233e-05
2.575023773016516277e-05
2.565127476680956073e-05
2.561784386596583266e-05
2.559907941970913792e-05
2.552596677636361581e-05
2.540629759210647195e-05
2.534052755305004037e-05
2.524403286545211754e-05
2.509884011656786485e-05
2.506971977209659989e-05
2.502840882071141637e-05
2.487054881924231442e-05
2.480324743360863253e-05
2.474841240643781395e-05
2.464080240049415719e-05
2.456390008344886645e-05
2.448684295852035446e-05
2.445992654415004929e-05
2.433817284479934196e-05
2.429022079517227561e-05
2.427857596244004779e-05
2.421095509084820977e-05
2.414528294139709809e-05
2.396172427576126972e-05
2.395284925799035503e-05
2.388853387872016555e-05
2.379336790795861902e-05
2.374060663678939246e-05
2.365350646978889372e-05
2.358089076678368293e-05
2.350184756659952313e-05
2.338350461644842903e-05
2.329530683151507001e-05
2.327129320774804687e-05
2.320895408476282595e-05
2.313716858710377914e-05
2.305084095287879322e-05
2.298930172743628240e-05
2.294281645719292514e-05
2.290090411883581261e-05
2.283721355290955297e-05
2.278951274392261226e-05
2.269695015791664471e-05
2.263351391080068592e-05
2.257238953023145853e-05
2.251165401770855611e-05
2.241686816229257785e-05
2.235756643118945154e-05
2.232032007677634886e-05
2.218971049560789435e-05
2.216961333571574631e-05
2.207230205145871272e-05
2.202429332078377028e-05
2.198099015215855014e-05
2.188225651090812743e-05
2.179016152782505420e-05
2.177587723949204681e-05
2.170080872053442708e-05
2.162401355122178849e-05
2.152832002000616595e-05
2.149939800638912959e-05
2.141996666906875198e-05
2.140482322335484803e-05
2.131221556018247500e-05
2.129272579170470635e-05
2.120682462074224812e-05
2.109700576692322583e-05
2.095434700175200516e-05
2.089603039454649661e-05
2.082676115935129722e-05
2.081544182719468968e-05
2.072219718712860380e-05
2.064425149887391935e-05
2.062087503927484015e-05
2.058096806667850893e-05
2.049245428355346590e-05
2.044697217024863775e-05
2.036338366152549379e-05
2.032519914919213842e-05
2.027384887039691477e-05
2.021130370288808781e-05
2.015925517026976904e-05
2.011866549006626184e-05
2.006490897775204901e-05
2.001131469507292678e-05
1.992494112309946603e-05
1.982518842250208902e-05
1.977709626001787103e-05
1.973145070965840519e-05
1.967871221505492087e-05
1.964623082529601213e-05
1.958565723029347618e-05
1.950667303698615129e-05
1.945792300070616976e-05
1.939081230709498350e-05
1.937400276559490353e-05
1.928457465540450656e-05
1.924153745206550216e-05
1.919005348559917333e-05
1.909020344461727779e-05
1.903367516610824181e-05
1.901917660481676443e-05
1.888117860051128692e-05
1.886891531079183746e-05
1.880521528506778491e-05
1.875035139350768725e-05
1.871586652609776935e-05
1.866320134754948065e-05
1.860416476777159396e-05
1.855719897816422896e-05
1.851037119080375861e-05
1.845996723604453744e-05
1.838246049580378612e-05
1.831696863938188859e-05
1.823644680137562804e-05
1.822685173878232554e-05
1.819958156981162247e-05
1.817180498963583165e-05
1.811728106854221596e-05
1.809055897673335722e-05
1.800530005152653398e-05
1.793210557068480019e-05
1.785948658374663921e-05
1.778302080599582425e-05
1.778031600403502129e-05
1.774031024003456242e-05
1.769791418902464200e-05
1.765587458594025257e-05
1.760139120196583048e-05
1.752511089245653578e-05
1.746386599655139440e-05
1.745332777416709207e-05
1.739100268729069083e-05
1.732270407732042032e-05
1.729912199512546628e-05
1.726093533968129460e-05
1.721150472764532410e-05
1.711123559184931210e-05
1.708332828683512355e-05
1.701074554042912050e-05
1.698788291809044416e-05
1.694692355861475070e-05
1.689936434863933135e-05
1.684205572492972536e-05
1.679834305351172899e-05
1.673026936174256061e-05
1.669392382561538625e-05
1.664806100284867756e-05
1.663892599843402447e-05
1.648691819248461083e-05
1.645973017629238764e-05
1.645721052147107325e-05
1.642155327014961877e-05
1.639690567000764797e-05
1.634459099252895398e-05
1.626207805888019211e-05
1.623155936372500411e-05
1.615712979574172520e-05
1.614609351234252366e-05
1.605707602885729458e-05
1.601490071212007519e-05
1.598748684522047702e-05
1.595826058010922310e-05
1.585741782537425194e-05
1.581259903448832435e-05
1.576987634723464872e-05
1.573220799038023678e-05
1.568381213996639743e-05
1.565061781271987165e-05
1.562472093592171405e-05
1.557244406824002749e-05
1.550473440723994321e-05
1.546729560445624652e-05
1.541435588730723572e-05
1.538473498540056148e-05
1.534893396163142449e-05
1.532612230198383639e-05
1.528238923732872271e-05
1.522214427904641033e-05
1.518481152478877207e-05
1.514619368255497481e-05
1.507465419744758707e-05
1.502400217556989013e-05
1.500210645581704472e-05
1.497476202815135724e-05
1.491790607751388880e-05
1.487978253744940170e-05
1.486836710787395507e-05
1.480185734140059391e-05
1.473900196978115209e-05
1.469858731028013168e-05
1.460864018757372884e-05
1.459795941231193468e-05
1.457775727402146235e-05
1.453091991477402474e-05
1.450713223937116829e-05
1.446716435286787887e-05
1.441096587756634778e-05
1.439616275491068632e-05
1.434282076272042678e-05
1.429090805394127143e-05
1.428115573179328128e-05
1.421653140097078249e-05
1.416069419138717749e-05
1.413060970776754698e-05
1.408461438149889327e-05
1.402253604668413464e-05
1.396855715313065089e-05
1.396122086104164651e-05
1.394670051653972896e-05
1.388440396543837204e-05
1.385035782600929078e-05
1.382798945260970433e-05
1.380902932642034531e-05
1.376092830380479449e-05
1.374032389619617012e-05
1.371247702354649441e-05
1.369737176505321177e-05
1.365696913087752899e-05
1.355810798096402385e-05
1.353722756861550307e-05
1.352277605002525226e-05
1.347896306726054649e-05
1.344743429492804009e-05
1.340495123262977969e-05
1.338458953897788142e-05
1.335662682113614608e-05
1.333420808060357603e-05
1.327341381574054277e-05
1.326080232865844204e-05
1.320477927488563242e-05
1.316065682664958780e-05
1.310744664581489035e-05
1.310530425661264188e-05
1.304367921098244548e-05
1.299377812966092432e-05
1.297791680781182725e-05
1.292144824874858503e-05
1.289856720683370096e-05
1.286180812124399923e-05
1.283724068675800225e-05
1.280123461339924943e-05
1.278113570065382370e-05
1.275686142763853212e-05
1.272717620125831313e-05
1.268905843674465862e-05
1.267094918646500797e-05
1.264674360883818672e-05
1.262828262881619920e-05
1.258222983517382251e-05
1.254297213030946469e-05
1.249979674333093989e-05
1.248352983946258282e-05
1.244887110226229215e-05
1.241254428329684606e-05
1.234039260296101954e-05
1.232647399994253070e-05
1.231249010725821044e-05
1.224435316894946843e-05
1.219837660160752856e-05
1.218991227210477671e-05
1.215624991859615512e-05
1.212689004543562659e-05
1.209350881660682131e-05
1.206595001631185479e-05
1.201845750860473390e-05
1.200092775585262648e-05
1.198251775970419163e-05
1.194762126098235176e-05
1.191818178416400895e-05
1.186164537875737381e-05
1.185284922008346289e-05
1.183030184412233227e-05
1.176610245326501564e-05
1.175197473197361547e-05
1.171038189336295447e-05
1.169424682248727731e-05
1.164546915137178663e-05
1.161045298491573893e-05
1.157783109325218411e-05
1.157076304730329680e-05
1.151884068029026455e-05
1.151004718221602831e-05
1.144910020939629751e-05
1.138328919170248529e-05
1.138038071444885933e-05
1.135145891737711899e-05
1.132839390408495714e-05
1.129449992760287261e-05
1.129122566051115718e-05
1.125474763889486258e-05
1.123068563322165982e-05
1.120807150757118436e-05
1.115132145192548626e-05
1.108525306869585111e-05
1.106559565768407250e-05
1.104063392542556454e-05
1.103034844292436986e-05
1.101602235252355852e-05
1.097737797417316155e-05
1.092819896322403554e-05
1.091166419978547261e-05
1.089068676103320487e-05
1.083780890506586637e-05
1.082034062442668306e-05
1.077678350622146691e-05
1.076093112242268870e-05
1.073280158867904282e-05
1.071227062228633299e-05
1.066982251652607421e-05
1.064352311616418403e-05
1.059495996262230284e-05
1.056889255769970908e-05
1.055541316458376461e-05
1.051228100953669210e-05
1.047868619989675522e-05
1.046983343682970505e-05
1.043010960238681643e-05
1.041592097952292305e-05
1.039073908392483959e-05
1.036360971261099011e-05
1.031777631257168389e-05
1.029397236657928155e-05
1.027320358904704882e-05
1.025717652940350671e-05
1.020830325089650887e-05
1.019945445543011908e-05
1.017352147571874743e-05
1.014084056457828690e-05
1.013084378863062754e-05
1.009828371522200295e-05
1.008584288568093369e-05
1.005361345748449076e-05
1.003970865569733209e-05
1.000106433089969197e-05
9.973700116449692231e-06
9.919335140909223841e-06
9.897995798499284565e-06
9.868505337855868164e-06
9.857076858988888675e-06
9.793952786316670252e-06
9.779740932895289660e-06
9.756230024851514956e-06
9.735775892201911722e-06
9.711168761926233019e-06
9.682232996205823150e-06
9.665725488385736025e-06
9.641793788369101037e-06
9.636849500945064508e-06
9.573280412302887955e-06
9.568931077513657672e-06
9.545353573675065939e-06
9.533269008145569469e-06
9.505494819881364711e-06
9.449072056407507704e-06
9.441167751089970923e-06
9.408541058538901281e-06
9.400647485349885200e-06
9.372269668527213331e-06
9.332586628348289362e-06
9.313502421043266501e-06
9.289140610151782652e-06
9.267691518545572387e-06
9.240846618506104747e-06
9.208959108092216209e-06
9.155310459801699075e-06
9.150376407774387332e-06
9.132953912942705479e-06
9.119733009383190823e-06
9.091310189890696757e-06
9.076919048827835720e-06
9.033265215605019649e-06
9.020432533383733267e-06
8.993619010438481736e-06
8.986267216158796997e-06
8.921534633638195916e-06
8.912566483986542325e-06
8.894324465601408463e-06
8.852586968422130630e-06
8.847089962901333874e-06
8.817941512426784027e-06
8.810202177906468091e-06
8.803952209444611482e-06
8.776683516694380770e-06
8.767597116622124359e-06
8.743117392935669622e-06
8.721005503155018223e-06
8.702390113846692360e-06
8.676234235539425130e-06
8.667440472965588417e-06
8.628805349350565022e-06
8.601981968074534448e-06
8.594044123163269280e-06
8.554466662056240008e-06
8.525930795027334579e-06
8.501249684375146914e-06
8.478556417991679281e-06
8.468358291977950885e-06
8.461397199641013889e-06
8.427093524361255292e-06
8.400421748444476071e-06
8.390326425018518244e-06
8.370947755935820940e-06
8.344252192341395036e-06
8.331974102021880860e-06
8.300656863480825775e-06
8.284633426781394853e-06
8.264907816252898450e-06
8.246062610798697245e-06
8.210317666674003074e-06
8.182618936484015263e-06
8.179005647955472441e-06
8.141216901871877568e-06
8.128147050981623459e-06
8.121889345502026161e-06
8.091622409536414142e-06
8.058374178019875558e-06
8.052096195984953013e-06
8.038524312845625480e-06
8.011429801103087369e-06
7.975968556444750982e-06
7.965065051039759455e-06
7.951731038111993605e-06
7.912677557319119104e-06
7.911829907933630592e-06
7.874885968382133521e-06
7.867156634871822065e-06
7.843090535623485279e-06
7.819268624629883705e-06
7.802117570116385092e-06
7.781016491172269050e-06
7.745169364577507293e-06
7.727081139159384045e-06
7.715876042054390757e-06
7.694620414471935977e-06
7.683419388802278710e-06
7.670776858723923498e-06
7.639180915469167283e-06
7.621066271894404868e-06
7.603122429730807362e-06
7.567026381982261352e-06
7.548214948337733649e-06
7.541203403697256835e-06
7.527028061594126839e-06
7.493801799794906119e-06
7.473466296144251645e-06
7.456079488778751704e-06
7.432861790636871482e-06
7.418962878660222212e-06
7.417282281976618511e-06
7.400785026717386125e-06
7.389083683725392565e-06
7.355740827627475778e-06
7.340985446459889375e-06
7.316618577032441692e-06
7.310465643179394509e-06
7.279884195356295847e-06
7.272461357239001932e-06
7.232169771393852226e-06
7.227496351509669721e-06
7.210989090432627260e-06
7.175847172485874605e-06
7.163695254274376478e-06
7.143118279964007541e-06
7.124244994930558725e-06
7.097635919522825144e-06
7.077383409589987724e-06
7.029113348190844037e-06
7.010189370113052223e-06
6.998054954551234468e-06
6.993715090889204127e-06
6.974214548564170437e-06
6.956151847136220598e-06
6.947123931675537190e-06
6.920240505079644932e-06
6.886591033789177455e-06
6.881660718509152059e-06
6.866741847383137262e-06
6.849257065453921790e-06
6.836288328807602818e-06
6.832963228698542637e-06
6.814613032153516033e-06
6.794965431950285225e-06
6.774584837731461504e-06
6.762293020056398969e-06
6.751642716876780981e-06
6.736327287290493948e-06
6.722739189816923243e-06
6.692457719241974786e-06
6.678122519187404887e-06
6.668666828394652707e-06
6.649727487707109369e-06
6.616290476141652967e-06
6.607964861302635975e-06
6.590363701091255914e-06
6.580821960481780262e-06
6.576146159647817433e-06
6.542401184820819276e-06
6.531416452168472964e-06
6.518309557122207969e-06
6.514301062921788979e-06
6.475647040799684497e-06
6.462855824896602416e-06
6.448214691870124314e-06
6.440174498629745499e-06
6.430104006302574555e-06
6.401132920389181560e-06
6.398849385170930759e-06
6.372931065796793660e-06
6.355244859947124224e-06
6.340405405491905401e-06
6.338308576604927776e-06
6.315972612726735139e-06
6.306790985333465148e-06
6.278286778335345205e-06
6.259922590089228971e-06
6.240279232063515022e-06
6.216716817866188212e-06
6.208812676911479860e-06
6.186561198894971037e-06
6.178250060920495582e-06
6.158001154235095592e-06
6.135338862042568581e-06
6.112585478665167117e-06
6.106264353644277884e-06
6.077378450391885726e-06
6.063155093978830716e-06
6.052993901393270736e-06
6.041766876346182391e-06
6.012548035441273992e-06
6.001573647782650047e-06
5.999767644855673187e-06
5.982117534719115033e-06
5.974376570785299761e-06
5.960708738502718810e-06
5.937494644387280360e-06
5.913542554592503992e-06
5.905475335210870159e-06
5.894446463190116901e-06
5.877428574847999773e-06
5.859268288977573549e-06
5.852438971477918105e-06
5.832981919218182184e-06
5.810958565869176372e-06
5.792325909418321908e-06
5.781860345170821248e-06
5.768095102730041718e-06
5.749140622784634480e-06
5.742289290352464771e-06
5.730264384484140722e-06
5.724120788606293889e-06
5.709774024626011300e-06
5.692713245709588528e-06
5.674521889100696696e-06
5.671146852773572240e-06
5.654518308963840223e-06
5.631741236321642855e-06
5.622296130703415635e-06
5.614690674308299296e-06
5.590469631726250856e-06
5.569713445756342585e-06
5.564402826229765646e-06
5.555158665992669320e-06
5.543409143794217869e-06
5.519436244145324401e-06
5.516745901836816470e-06
5.499875116874180780e-06
5.489532305155570623e-06
5.479733380766388409e-06
5.451188086373396458e-06
5.442066226601898271e-06
5.431909112395401387e-06
5.419541006243417197e-06
5.405792162753918750e-06
5.403080806606537455e-06
5.393636552879054122e-06
5.373864437809982007e-06
5.366411555669397087e-06
5.355454130289627731e-06
5.334613506000051035e-06
5.314659329059772018e-06
5.295307422148076572e-06
5.281190713996724021e-06
5.273974703551345667e-06
5.260177880913806529e-06
5.245219694604665331e-06
5.240689616431919135e-06
5.238381011624848100e-06
5.222893112829420595e-06
5.206744085305408943e-06
5.187791064994522026e-06
5.182435145988017810e-06
5.161157908606096135e-06
5.151992258150811302e-06
5.149409640550650629e-06
5.123920782017134183e-06
5.116123112281112456e-06
5.107942829804243466e-06
5.079107180037171615e-06
5.061422198651640864e-06
5.051271943629395244e-06
5.034027684614339070e-06
5.027373788150664849e-06
5.012962688727748977e-06
5.004028241469610446e-06
4.999972560275331421e-06
4.987358232988786444e-06
4.962677844148318467e-06
4.955247289783052655e-06
4.942895547864203764e-06
4.937907309648147834e-06
4.921098508069013996e-06
4.911392980781660266e-06
4.896690133194001622e-06
4.880963749703737889e-06
4.869238663073750383e-06
4.857602870502148570e-06
4.848211616551933669e-06
4.831076817920972438e-06
4.819827742538094669e-06
4.808203253628832836e-06
4.802658830116440492e-06
4.786227753106012314e-06
4.768182658488984416e-06
4.759484851112953664e-06
4.751458035739820258e-06
4.733932470940168401e-06
4.721451787993891672e-06
4.705301547820791311e-06
4.696511395996332447e-06
4.684722655818198179e-06
4.674400499762579413e-06
4.669647105620446792e-06
4.661721280862511509e-06
4.639263383443359533e-06
4.635387891541273460e-06
4.623066099916287838e-06
4.614934728801168063e-06
4.583819825468284151e-06
4.577797330931140651e-06
4.565181583458761235e-06
4.563887945058426046e-06
4.549694806711882741e-06
4.539174569683194817e-06
4.524678001069539912e-06
4.514646109354342910e-06
4.500801007241706055e-06
4.494470909128705121e-06
4.475559659060146396e-06
4.469797433622253559e-06
4.452549703514134306e-06
4.450541433323377536e-06
4.440940958174899428e-06
4.428928888204283843e-06
4.420467771061571193e-06
4.406113401763662732e-06
4.393331902760194108e-06
4.381866069928236278e-06
4.372666295454507608e-06
4.365366895214609812e-06
4.354611325483778729e-06
4.343188242611881882e-06
4.325245863362904209e-06
4.316760255941093668e-06
4.310450300708127364e-06
4.296627192738665285e-06
4.290055070063018913e-06
4.280290354848298277e-06
4.266089044736846851e-06
4.255230508972180858e-06
4.237176004782991802e-06
4.226314564870980669e-06
4.225700669527634437e-06
4.218173595207838747e-06
4.197517765532771026e-06
4.192207513985912371e-06
4.187587859625334403e-06
4.187028800091239180e-06
4.162403544218154494e-06
4.156818418640141186e-06
4.133380191456742959e-06
4.120890095840278677e-06
4.107598608815720146e-06
4.105633442496316517e-06
4.099150009655044349e-06
4.083675967756596224e-06
4.076036002744244194e-06
4.070394761344235858e-06
4.064686612194916206e-06
4.048090059181129402e-06
4.046957468367180150e-06
4.031096165748747264e-06
4.022124109650606956e-06
4.008114848830796463e-06
4.000796794237381727e-06
3.984054012628595160e-06
3.977507085422155934e-06
3.972921720703001475e-06
3.964524614942550777e-06
3.961251487706078591e-06
3.948487791439738685e-06
3.941644704775570518e-06
3.926958044430527900e-06
3.924159459237125237e-06
3.892255257103116726e-06
3.881148211082368519e-06
3.870776643307723193e-06
3.867050514082430341e-06
3.850819088087531791e-06
3.843092311543069513e-06
3.832771832661528771e-06
3.822758835300927853e-06
3.812942945863727740e-06
3.797274703471592239e-06
3.793910202830876808e-06
3.783777227553607358e-06
3.773406630312526639e-06
3.766143604599403736e-06
3.762408632109933170e-06
3.741218907826607957e-06
3.735776679195215347e-06
3.730429717424379612e-06
3.722332115354476568e-06
3.714037781213590873e-06
3.700723958991578139e-06
3.686031323833149403e-06
3.678547352811323571e-06
3.666597679729663742e-06
3.660381030307885612e-06
3.655805821271303858e-06
3.654825280876471520e-06
3.644513929440387279e-06
3.634936086043387945e-06
3.616760445535523685e-06
3.614483008342071354e-06
3.603356845984646722e-06
3.591893394918022608e-06
3.581008866769390809e-06
3.573926814614260946e-06
3.564933663829174726e-06
3.558981368033597035e-06
3.547336846362980240e-06
3.538310267503828902e-06
3.534979372642545388e-06
3.523513495494832574e-06
3.506522649244879881e-06
3.499995951372161478e-06
3.495527811999680157e-06
3.483682730914750717e-06
3.470556083459467836e-06
3.456884229359823153e-06
3.448073101461041526e-06
3.444914414098028207e-06
3.438328399947842541e-06
3.428211226255574740e-06
3.422651746749235734e-06
3.408312078390565647e-06
3.401721064317754396e-06
3.399498260253604479e-06
3.391654619986382877e-06
3.384946391652659450e-06
3.375299630383921743e-06
3.365309280006338757e-06
3.348570427386883980e-06
3.336325472876207519e-06
3.333207314201398784e-06
3.324752576827084306e-06
3.320696849059400443e-06
3.315519955314302085e-06
3.314043270349876698e-06
3.303883037432137595e-06
3.295107912844277886e-06
3.282116242530347800e-06
3.278040832328893249e-06
3.259920658456922277e-06
3.258220450887017409e-06
3.251900791380306523e-06
3.250210310494197718e-06
3.235509800049181865e-06
3.223054589229730604e-06
3.218886131812738265e-06
3.214100179938923504e-06
3.199256349260771758e-06
3.193642316065474362e-06
3.191768275588176173e-06
3.189444158563399941e-06
3.176758370915207018e-06
3.172424876661130742e-06
3.167346488817012632e-06
3.158850205884842429e-06
3.150024602879140582e-06
3.139009589767181762e-06
3.136804273555432875e-06
3.128768738416936198e-06
3.114588340584821887e-06
3.110942586468525098e-06
3.107623609304732483e-06
3.096901297492673210e-06
3.092046775108610540e-06
3.085510072769651878e-06
3.072281248741515042e-06
3.061157886534694131e-06
3.057314417216541041e-06
3.049084634055130527e-06
3.046154047425088156e-06
3.033346518682673201e-06
3.023452211656145084e-06
3.018619207170122434e-06
3.001330828129315231e-06
2.999739243443052865e-06
2.993409495134797071e-06
2.989995728583631880e-06
2.982471083574118570e-06
2.976416489418455864e-06
2.963550421665496770e-06
2.955440394010825398e-06
2.943454875343865054e-06
2.939457252295117630e-06
2.927720976342212965e-06
2.922318723058939734e-06
2.918329317016768729e-06
2.910658609224833913e-06
2.899727661013102566e-06
2.892392114954951317e-06
2.880261126017722463e-06
2.873490441899948838e-06
2.869912258714169092e-06
2.862477389216484414e-06
2.851802423968672339e-06
2.845512281889047141e-06
2.839805454508629298e-06
2.829615721352722457e-06
2.822682299873316746e-06
2.821288777036421825e-06
2.808027696351359575e-06
2.802165290515284571e-06
2.799111085585209022e-06
2.794914054470966061e-06
2.794729919689148874e-06
2.782218161087886803e-06
2.775132272858383697e-06
2.769746105902368540e-06
2.766974165594145889e-06
2.747521281288581124e-06
2.739737938317288356e-06
2.733726892612996378e-06
2.730634594222219176e-06
2.723478770042898954e-06
2.719101716102489948e-06
2.713126634176334222e-06
2.703322076460753792e-06
2.691156303563283846e-06
2.689742666765341946e-06
2.685205934925003034e-06
2.679342385950890018e-06
2.667749645005521257e-06
2.664211523200793208e-06
2.655042770321181261e-06
2.653443145343206734e-06
2.648959669321963247e-06
2.645301260820111932e-06
2.630747443824619937e-06
2.619252459480880170e-06
2.613010017752204253e-06
2.607976626729493547e-06
2.604840829763682166e-06
2.598638843404269311e-06
2.589098468166948782e-06
2.586302258952789302e-06
2.569752499952990103e-06
2.561595480193394857e-06
2.554103491228826684e-06
2.550721713167835641e-06
2.546147303171687467e-06
2.542978641455741807e-06
2.541190848267451671e-06
2.537073117630105292e-06
2.528571884171415217e-06
2.519248012682108907e-06
2.509455919507031532e-06
2.506782919935328355e-06
2.498474667721831307e-06
2.494045431976470929e-06
2.484771944684273229e-06
2.477456670521707227e-06
2.469106312647252843e-06
2.461779485035802279e-06
2.457349829742040229e-06
2.451830895278639452e-06
2.448365233461303161e-06
2.437266547046670490e-06
2.434942514241809303e-06
2.428013454628693454e-06
2.425120185151311143e-06
2.417478351966209285e-06
2.410262486870941831e-06
2.399559359861493420e-06
2.393285221621183140e-06
2.385319380294892669e-06
2.378985488464837587e-06
2.369852431199901773e-06
2.362842402285817641e-06
2.357120277041903169e-06
2.354893051206619277e-06
2.349919171972731709e-06
2.342503767902224580e-06
2.334191146236081523e-06
2.329289463853728192e-06
2.323737371040501324e-06
2.316355244822167690e-06
2.313429895006900221e-06
2.307880552075870151e-06
2.296378046648707309e-06
2.295109014722529837e-06
2.290394439292625709e-06
2.281970425975934102e-06
2.280743116039580315e-06
2.268013991953624172e-06
2.262124700222199756e-06
2.258404409573972877e-06
2.245502763834570446e-06
2.240406575146557451e-06
2.239290082537312507e-06
2.230555031848720565e-06
2.230299202263261146e-06
2.221077469107143432e-06
2.216682599093696216e-06
2.212039663697543645e-06
2.210008690160391605e-06
2.206769555917866905e-06
2.203417524449450066e-06
2.196076709830637918e-06
2.190147563729327404e-06
2.186918904047085019e-06
2.175731964402847697e-06
2.167069647968425982e-06
2.161057124360715174e-06
2.157973971880600067e-06
2.154227614844677840e-06
2.148838512569645770e-06
2.143698116466466398e-06
2.132389771769341353e-06
2.127636326531976527e-06
2.123889256302005041e-06
2.122849423506453339e-06
2.114473123280246205e-06
2.107995641460307925e-06
2.105775842317491724e-06
2.099592914327233926e-06
2.096072118627480322e-06
2.091588286458823010e-06
2.089103564602964054e-06
2.080237245142921044e-06
2.075195311788527625e-06
2.072329421608493163e-06
2.068637125902395312e-06
2.064750252902381121e-06
2.062595160554205795e-06
2.050013047045062854e-06
2.047349788457103075e-06
2.042905831971640849e-06
2.036892725421812358e-06
2.032430647849739336e-06
2.027275923938048397e-06
2.015009371131415875e-06
2.010075526821485143e-06
2.005607318540621303e-06
1.999781198405116042e-06
1.994325557870865882e-06
1.992126415109370327e-06
1.987552543326391169e-06
1.986303021881144438e-06
1.978316954315283091e-06
1.975355879324344487e-06
1.968737340372311874e-06
1.965229248357730020e-06
1.963430885919349901e-06
1.961454541216481649e-06
1.947584875353510976e-06
1.945426213858562916e-06
1.943141087793038985e-06
1.932531467740708325e-06
1.925373869134259587e-06
1.922850564494531793e-06
1.920255462756311556e-06
1.913793287873855197e-06
1.912824272645489170e-06
1.910118948648373919e-06
1.905383359421335458e-06
1.895033104177824488e-06
1.889307201575885451e-06
1.884193028715640573e-06
1.878536805379823433e-06
1.875941622910935557e-06
1.868050216050440168e-06
1.859443267196023196e-06
1.855936991052745084e-06
1.849039993073944196e-06
1.846668291793058843e-06
1.843051777831802518e-06
1.841726248986789370e-06
1.826815537232523414e-06
1.825663445006103091e-06
1.821345379242603160e-06
1.818451294809105952e-06
1.814918541948762243e-06
1.809516974815265137e-06
1.799501086348949631e-06
1.797649522010576073e-06
1.795835342528144005e-06
1.787843934780688010e-06
1.786414897058268769e-06
1.781651802189790538e-06
1.774828626295827538e-06
1.769426703985556650e-06
1.763816319925588863e-06
1.761974710202089548e-06
1.754587730315819266e-06
1.751025332222591826e-06
1.747396957972360858e-06
1.742102626434838352e-06
1.738321435091352803e-06
1.733334422059256649e-06
1.725612879200708552e-06
1.719651221764908238e-06
1.714666523968572303e-06
1.709851752979770876e-06
1.707262922520892560e-06
1.701728280125290824e-06
1.697842879783498359e-06
1.683780751817923421e-06
1.680075265925411417e-06
1.676282175411391383e-06
1.672658975505958016e-06
1.670432726614618381e-06
1.663427555227203815e-06
1.659947332207727360e-06
1.658056574369092991e-06
1.652953375066399391e-06
1.647097443407439802e-06
1.646792756474771532e-06
1.641188935116730506e-06
1.638271720699458166e-06
1.636352410436950911e-06
1.631960689377876030e-06
1.627128211430593018e-06
1.620704830087499508e-06
1.619885414921658849e-06
1.614816073127830770e-06
1.608323427907969856e-06
1.603540070858521957e-06
1.600276893869786885e-06
1.597444793423282810e-06
1.587183839464218900e-06
1.584638033070238558e-06
1.583038141859457331e-06
1.578446518662352419e-06
1.571661803415695139e-06
1.569081125072392065e-06
1.563541099954786814e-06
1.561081727267698693e-06
1.555912511140865143e-06
1.554090312480371742e-06
1.548315325238364884e-06
1.546023438375581821e-06
1.538520201935780060e-06
1.533626291514631591e-06
1.533369204514971147e-06
1.530287056798319277e-06
1.521660353593011199e-06
1.520368938824157195e-06
1.517010106256088623e-06
1.512060971771430046e-06
1.509439474774747943e-06
1.504497522298778448e-06
1.498078976139637269e-06
1.497228948434611986e-06
1.490532892907999046e-06
1.487752577371634854e-06
1.483147397956852592e-06
1.477419540193122853e-06
1.469957022946115750e-06
1.467817669998984503e-06
1.461166531560630690e-06
1.457259722939230801e-06
1.454064709686469561e-06
1.450986781477297952e-06
1.445907202694276560e-06
1.442770810977932117e-06
1.438791042412267879e-06
1.436855088025585781e-06
1.430069034835137412e-06
1.428637427755319499e-06
1.426264958997537308e-06
1.423100120718744292e-06
1.414922560441655779e-06
1.413914781869072180e-06
1.411577543630983773e-06
1.408259598020719388e-06
1.403107872988220984e-06
1.399704883826897437e-06
1.392971071517205762e-06
1.391582333607179174e-06
1.387949601336925903e-06
1.383160949434878633e-06
1.378975520627679768e-06
1.378163636958812717e-06
1.371919597206883337e-06
1.370242262177431399e-06
1.362321095984926987e-06
1.356304156149246229e-06
1.356045749064993958e-06
1.350070840494064890e-06
1.346797121647343873e-06
1.344981408619773309e-06
1.343160014358021043e-06
1.343039668437161752e-06
1.339626700277608622e-06
1.333629112373550390e-06
1.329996684936917344e-06
1.327183598275275734e-06
1.322734818303781108e-06
1.321031392087057502e-06
1.314941176468842873e-06
1.308940948485577907e-06
1.303924189915112262e-06
1.301104947862509056e-06
1.296498645759593793e-06
1.294056270165285143e-06
1.288321240151616763e-06
1.286557645173462059e-06
1.281385330420047942e-06
1.279196646835657800e-06
1.276942189790074267e-06
1.271716323537943065e-06
1.269509706452715323e-06
1.262701993466799779e-06
1.260883001664560377e-06
1.258721970226551439e-06
1.251920602206124425e-06
1.246897076852642273e-06
1.242162609517680426e-06
1.238938832036218653e-06
1.236514829828738141e-06
1.234758864968054138e-06
1.231247913192242403e-06
1.229988310063125159e-06
1.225779400964336637e-06
1.222341507623058840e-06
1.217388355150885777e-06
1.212396021821092030e-06
1.209600663393532779e-06
1.208264102493754720e-06
1.205616952810551476e-06
1.201562222120723193e-06
1.198270325776468389e-06
1.194314386449213581e-06
1.191029402735129353e-06
1.186434335400956723e-06
1.184252185962223623e-06
1.179227660768376026e-06
1.177048181401525474e-06
1.174948562210475558e-06
1.170964041996927066e-06
1.168046908357000234e-06
1.166001307203149538e-06
1.163659168948500167e-06
1.159345493395623491e-06
1.153403416765483946e-06
1.149878846735272158e-06
1.147602013524924769e-06
1.144909196319100335e-06
1.141233481229167501e-06
1.138280772221062570e-06
1.134138453231454840e-06
1.132873637277704374e-06
1.126462739514144102e-06
1.122699445239670156e-06
1.120076601852077677e-06
1.116901553524981992e-06
1.113194696805951445e-06
1.110786020863164820e-06
1.108364394316395881e-06
1.105496319478845017e-06
1.102903647994513510e-06
1.097373863620857597e-06
1.095638738082592129e-06
1.089015050663654374e-06
1.087945469814271697e-06
1.086156573396281601e-06
1.083270863491075761e-06
1.080673995843153630e-06
1.077547338169063160e-06
1.072718046381585317e-06
1.069704470386871306e-06
1.066824956335709437e-06
1.062974849601330033e-06
1.061721655657382511e-06
1.058826813119991633e-06
1.058002587332146644e-06
1.057170455215824517e-06
1.051164342279050159e-06
1.046686621906322219e-06
1.044207676565838329e-06
1.039587187461268064e-06
1.035978483758631393e-06
1.035399683174671411e-06
1.031850007962188179e-06
1.029194125286174318e-06
1.025942710203915477e-06
1.023138467205827616e-06
1.020642754743772534e-06
1.015992863151432276e-06
1.009797161473928091e-06
1.007379425166704862e-06
1.006420804563405963e-06
1.003213853951607366e-06
1.001573282104153641e-06
9.975506896730457561e-07
9.968157203221276760e-07
9.932931460951499634e-07
9.907319781361779700e-07
9.880206950035256776e-07
9.836539077562322676e-07
9.793054492754685157e-07
9.736436252777569755e-07
9.728711951139892962e-07
9.684040901781949032e-07
9.674506063857926160e-07
9.642006384740248395e-07
9.626433392713140614e-07
9.598883514705842962e-07
9.559851224918380051e-07
9.547134545160254282e-07
9.523729866583272709e-07
9.504884812502501456e-07
9.452132745353753762e-07
9.432218550511797463e-07
9.426993420921180486e-07
9.400387510188054692e-07
9.342800652279505386e-07
9.322267341284936688e-07
9.301074769875149610e-07
9.260657887844720475e-07
9.240330814613891191e-07
9.210984587712667773e-07
9.168038170378008897e-07
9.135853453349349512e-07
9.112161609120020912e-07
9.100039195473159482e-07
9.070502120989972808e-07
9.014784903500990175e-07
8.977123003199797603e-07
8.962171044890679208e-07
8.919512752195318378e-07
8.900938778627511060e-07
8.864610745839963315e-07
8.845890669081455360e-07
8.839693923916758286e-07
8.819733772557114880e-07
8.803343598983367588e-07
8.789915702447791700e-07
8.769681983511331393e-07
8.758220715550348147e-07
8.722236281788036155e-07
8.697688345557530780e-07
8.638380601881035597e-07
8.619528970828340909e-07
8.599276127510712260e-07
8.585851756656220294e-07
8.566635741056202345e-07
8.511508066253471208e-07
8.489829195868443544e-07
8.444270817036957002e-07
8.419624332925347279e-07
8.405333894482511408e-07
8.391205657512900576e-07
8.374607922269304999e-07
8.358891002797212689e-07
8.328638651205337405e-07
8.298666876996651542e-07
8.270316524348753164e-07
8.245941319044574440e-07
8.214618479103156009e-07
8.200062252435323615e-07
8.172733573540828669e-07
8.148992125274823811e-07
8.137852758767812697e-07
8.113608419460896528e-07
8.100503382805763148e-07
8.072286955892059520e-07
8.049935326551538969e-07
7.980722667218080329e-07
7.950729785023901052e-07
7.943285780182412480e-07
7.903155845980604973e-07
7.898862726354323814e-07
7.825689619150556109e-07
7.814575701602898520e-07
7.809483453527185418e-07
7.793413895155691542e-07
7.759839824789063764e-07
7.738680077048635530e-07
7.718478029827349711e-07
7.678969490517493034e-07
7.646075918633054679e-07
7.615320829446446526e-07
7.607124509560017579e-07
7.556846655727288273e-07
7.524870187223267408e-07
7.489927119457664686e-07
7.482457503115076244e-07
7.466853918313076030e-07
7.463075387720497591e-07
7.414091777379189558e-07
7.404287352982469551e-07
7.392959852989576350e-07
7.378168892735022961e-07
7.341056877712913392e-07
7.318123782248531909e-07
7.307251697308429807e-07
7.275327470560817496e-07
7.256620132470583852e-07
7.230481327469638457e-07
7.226183049957185533e-07
7.183436024810110077e-07
7.174375442859874748e-07
7.159335548328355704e-07
7.123623968315917653e-07
7.109108231841821516e-07
7.078712099423078385e-07
7.069691294720837552e-07
7.062500426781383442e-07
7.013348428680094360e-07
6.971614455690518527e-07
6.961611678152547654e-07
6.930404617128438656e-07
6.920308380263983701e-07
6.885773659051998772e-07
6.873284989186376240e-07
6.847196589465440022e-07
6.834992897488720601e-07
6.782470633897196096e-07
6.747652516523167269e-07
6.740720839458261974e-07
6.728354554856290941e-07
6.701105441272441194e-07
6.674270990941160542e-07
6.636669919725390929e-07
6.613463649235124736e-07
6.590384853171313729e-07
6.567757297111771746e-07
6.558753906140469269e-07
6.541284335519279672e-07
6.529510384931903205e-07
6.503185484811682786e-07
6.467705752085798336e-07
6.444673322119641813e-07
6.435987693145614086e-07
6.413628141279557723e-07
6.390171169676335854e-07
6.386991421330269276e-07
6.369119029445659004e-07
6.361874523263696854e-07
6.341790859527066017e-07
6.302519139183811528e-07
6.285898388376829614e-07
6.252692519430681890e-07
6.227851043026356155e-07
6.196255754170701155e-07
6.160170063315635017e-07
6.132734747916464561e-07
6.115085907155431739e-07
6.107478128668779137e-07
6.078556039148475990e-07
6.046639519971373514e-07
6.039856185421327276e-07
6.036839309639021910e-07
6.009965017709789786e-07
5.977001869593829192e-07
5.961545100124518637e-07
5.930946265631109688e-07
5.922808550185073902e-07
5.905246065545163681e-07
5.889224455669636048e-07
5.882416744328875328e-07
5.861082607516734353e-07
5.824300623822836721e-07
5.822643284701612054e-07
5.807217192059121379e-07
5.789701558113703542e-07
5.749716686320326209e-07
5.727247589035813537e-07
5.705821223627421105e-07
5.692338401277402205e-07
5.675750771957434774e-07
5.649607092881717017e-07
5.629049078291162454e-07
5.626956042851104077e-07
5.596876677497313726e-07
5.581904508990260418e-07
5.558577143187437606e-07
5.525374171470761510e-07
5.506917668091531742e-07
5.491415669131460612e-07
5.478828820382147702e-07
5.463877878462195081e-07
5.455389830327331284e-07
5.401525273584393402e-07
5.382082237056016980e-07
5.376134745338658185e-07
5.368702243076158779e-07
5.357518116230340467e-07
5.328997131150831159e-07
5.304040591986271532e-07
5.294525698822560393e-07
5.262726750324066626e-07
5.247030491657395481e-07
5.225788720292107742e-07
5.197122429006305647e-07
5.174435952328192588e-07
5.166750656802693489e-07
5.125131378723215118e-07
5.110709587704176168e-07
5.095735663520851212e-07
5.080408617406144160e-07
5.071815749616636744e-07
5.051463420071920630e-07
5.043300744778690102e-07
5.016504586116876644e-07
5.008538159677908446e-07
4.983801550431031506e-07
4.981376688545207154e-07
4.939204178464586546e-07
4.934507947852288009e-07
4.905009172207693399e-07
4.882339998663339951e-07
4.880886959040489610e-07
4.856804222092960056e-07
4.842367240135845837e-07
4.825281714213860298e-07
4.799865104959319056e-07
4.770645235234214761e-07
4.761432851600682420e-07
4.746956924396298184e-07
4.709783376148174374e-07
4.688386195818240475e-07
4.670404542819999107e-07
4.663936930443511599e-07
4.633957212475035793e-07
4.625021868479218629e-07
4.622285550549286868e-07
4.594995085512938493e-07
4.590846284293674182e-07
4.570109470665213436e-07
4.554483586613079948e-07
4.525016021811431274e-07
4.504199630817967581e-07
4.496443464958819234e-07
4.493127248982639080e-07
4.460749519565403677e-07
4.454456227734728035e-07
4.438928512361767196e-07
4.418822732403348754e-07
4.411537280388113410e-07
4.391656305365631958e-07
4.373852875888886228e-07
4.360714214561888963e-07
4.352799171122336992e-07
4.333795303349567662e-07
4.321037561499856369e-07
4.276300541591888400e-07
4.268573174698597179e-07
4.261747493915315887e-07
4.252535161050559831e-07
4.224027084943344103e-07
4.200207590256006432e-07
4.194413439094627732e-07
4.175275403451700856e-07
4.152873900687597691e-07
4.146514066024471963e-07
4.124117721523970503e-07
4.104882045338183365e-07
4.084673620574381151e-07
4.067644734029139297e-07
4.042670214644943920e-07
4.034754653789766465e-07
4.021871845884540966e-07
4.003925667482361804e-07
3.990795704472826558e-07
3.977035482494221131e-07
3.964492159135341832e-07
3.947100174772716470e-07
3.931327804446456045e-07
3.918863117294012029e-07
3.904485273450515328e-07
3.888586429054855790e-07
3.886329695156822643e-07
3.871885732010692368e-07
3.843794385738173129e-07
3.823937371359839680e-07
3.816390866413130905e-07
3.804582442001636689e-07
3.780958853585753371e-07
3.760624548525995438e-07
3.756537564050644151e-07
3.724462606996633117e-07
3.717946135013016539e-07
3.703583002428236629e-07
3.689846575323465670e-07
3.686692690448564565e-07
3.673889225201406620e-07
3.647217829858840458e-07
3.623656048426623332e-07
3.617404465155699879e-07
3.607109006134911284e-07
3.589650691717701794e-07
3.561978863665348015e-07
3.545646403458130227e-07
3.538185734458152376e-07
3.516788214129731844e-07
3.510286605789544280e-07
3.487134942050643199e-07
3.470159939359415650e-07
3.445677713897393228e-07
3.429215291259667601e-07
3.415437034042497155e-07
3.409917276104094257e-07
3.403246384203636670e-07
3.394547864384088837e-07
3.381341282316356814e-07
3.368184713056808302e-07
3.343238982743346458e-07
3.335730698526337978e-07
3.299820735567418355e-07
3.281452215533142793e-07
3.270371437887107135e-07
3.267246920198667113e-07
3.250096818606132983e-07
3.223175623905296630e-07
3.222397141048161719e-07
3.216598027627975914e-07
3.196911108288388143e-07
3.180228592170649310e-07
3.173429133878417622e-07
3.156299065822942863e-07
3.134821682143880638e-07
3.126261295324248477e-07
3.105490626305698364e-07
3.103132814590249627e-07
3.080183984911343596e-07
3.053528000813430725e-07
3.048454963229982800e-07
3.040034395718154819e-07
3.025918202328362244e-07
3.019436918294264256e-07
2.997085361881531341e-07
2.990106120901680058e-07
2.973742070819141042e-07
2.970219652373868364e-07
2.942802891442810527e-07
2.921151164349516991e-07
2.909130857645659483e-07
2.889300806308042355e-07
2.874136047662635926e-07
2.872145530214712143e-07
2.859762861568672703e-07
2.854828630783039033e-07
2.837083118296155196e-07
2.830293776246942934e-07
2.816684502342349402e-07
2.793318158458869316e-07
2.784406866635476089e-07
2.782668498220654544e-07
2.758576001377837385e-07
2.746636083769423780e-07
2.731256527275401713e-07
2.726060833277636169e-07
2.714659953548622418e-07
2.714407999974609568e-07
2.676082141250246358e-07
2.664212490926724492e-07
2.654195172885483366e-07
2.643965903244299540e-07
2.624059187805737837e-07
2.605474257283486132e-07
2.590182864671746980e-07
2.580965189961329642e-07
2.569769889770590642e-07
2.556327907820572379e-07
2.550397272329997602e-07
2.525853906450623020e-07
2.516060416321856869e-07
2.506924281398316366e-07
2.497734994106910510e-07
2.491715121989310670e-07
2.474505060970465150e-07
2.460055405251547479e-07
2.447097750701700655e-07
2.430037874131856544e-07
2.424928277217975716e-07
2.409856175109765679e-07
2.396710798651055313e-07
2.383023025168889080e-07
2.374007090436147581e-07
2.366234120003257632e-07
2.353537446973575160e-07
2.338455070955794890e-07
2.331219695893026404e-07
2.318788879574796065e-07
2.301293349376482171e-07
2.295135145088681028e-07
2.271765122945597043e-07
2.260426692238587625e-07
2.257165271196942128e-07
2.243956155769853965e-07
2.222782709936901643e-07
2.215567578661120156e-07
2.206337014491444774e-07
2.197080340875913746e-07
2.183638923160865316e-07
2.175439081370795930e-07
2.165445529011986402e-07
2.156785009782452011e-07
2.134956306073919766e-07
2.110067955152000103e-07
2.100458437306447836e-07
2.095922935386394668e-07
2.077466196625636057e-07
2.077214687981908980e-07
2.067413135219562691e-07
2.055168277070375464e-07
2.038552886743100986e-07
2.032199280004075481e-07
2.015089347486015052e-07
2.005407583040983983e-07
1.995165988761287375e-07
1.981637007150992249e-07
1.974488849105042357e-07
1.965899895417149999e-07
1.952440967884517800e-07
1.948004854725493148e-07
1.939259790650197467e-07
1.931213224195565973e-07
1.911541947517926499e-07
1.906359347341103390e-07
1.890889253975542248e-07
1.883892557276951426e-07
1.854517478350631481e-07
1.851798107845184682e-07
1.843615981298488713e-07
1.833470658330535732e-07
1.819187892839431306e-07
1.814872889410006665e-07
1.804202964175599381e-07
1.789336949573644756e-07
1.779748931892065003e-07
1.769153583122694638e-07
1.749720241279572913e-07
1.748196967826605431e-07
1.732892502298327728e-07
1.707129845472189880e-07
1.698581582730326288e-07
1.693373702704134371e-07
1.691862127859321380e-07
1.679939443808731267e-07
1.661648980229329206e-07
1.655915771539613595e-07
1.651505497376133100e-07
1.645046463645659081e-07
1.631193183145643811e-07
1.624507335615678233e-07
1.620380330650325679e-07
1.606799007046016454e-07
1.593096330444993331e-07
1.581242104029227347e-07
1.559780093192240879e-07
1.551108887236257351e-07
1.539374233297775705e-07
1.524771720052468774e-07
1.521568568370900884e-07
1.489700813958409352e-07
1.485621752040604312e-07
1.477177851525222456e-07
1.474270059171708277e-07
1.469183004837770664e-07
1.456154008383524931e-07
1.438806046845847956e-07
1.430130285252430996e-07
1.415467341903794211e-07
1.407359873582798518e-07
1.399126136174100338e-07
1.382432234916633091e-07
1.374642647772478854e-07
1.367584069992560471e-07
1.362609981835076740e-07
1.361468794060866988e-07
1.341344565031854959e-07
1.334283622797236691e-07
1.326120906279935148e-07
1.317128717724191829e-07
1.305336236346960331e-07
1.297777102554233868e-07
1.281316683468838798e-07
1.269693420896150271e-07
1.265436252906883015e-07
1.260977085358404224e-07
1.246285170268363782e-07
1.237483983729578895e-07
1.229604109198386209e-07
1.220737196160433285e-07
1.209054715622782822e-07
1.207214648741098660e-07
1.186224675902473141e-07
1.179340723123359337e-07
1.175705393157469461e-07
1.160580384632678207e-07
1.150673670122991849e-07
1.143426538130003865e-07
1.142572179658238736e-07
1.129440907582704367e-07
1.115841749543026400e-07
1.104618963332889955e-07
1.096803676194066943e-07
1.088708941519802715e-07
1.080455392799020858e-07
1.071457581112864123e-07
1.058230358133812566e-07
1.049520584941850257e-07
1.048830915609173668e-07
1.040107998693809483e-07
1.032484845983438700e-07
1.012628731535969850e-07
1.007950176971819587e-07
1.004119256382515336e-07
9.939588127264132782e-08
9.872697369974956390e-08
9.778009244294270671e-08
9.682207718181965192e-08
9.551505805537098443e-08
9.443426357440215653e-08
9.328465934460636647e-08
9.289464951909181636e-08
9.243270192958216297e-08
9.033292911352610489e-08
8.947719815637049236e-08
8.926285775160603747e-08
8.820008834856714437e-08
8.793517782516462760e-08
8.761298113988785089e-08
8.594603381422010325e-08
8.559826723880579777e-08
8.494431540193730409e-08
8.374296208662905588e-08
8.334355355781111369e-08
8.271721212054053102e-08
8.081715840550036646e-08
8.067602472545070650e-08
8.041733901368566709e-08
7.972383496240628567e-08
7.805026053857653344e-08
7.725743507948594689e-08
7.671608857174426001e-08
7.617957101811164572e-08
7.485717175249968113e-08
7.453536949742924413e-08
7.358379570451441601e-08
7.227663438549418544e-08
7.225315956798867587e-08
7.141854134242453207e-08
7.092347523883565179e-08
6.955091856461886709e-08
6.805435266354708352e-08
6.751753119223001352e-08
6.724444633135536453e-08
6.686936368330949360e-08
6.547580274213266132e-08
6.494767485292921203e-08
6.392190480628915777e-08
6.359906165842517523e-08
6.262834814722308951e-08
6.153026725081354774e-08
6.076227073835266288e-08
6.001086180553372525e-08
5.945371927495777108e-08
5.937199394927518903e-08
5.779987643274346319e-08
5.707148913754184096e-08
5.670107570182548036e-08
5.576223663440441958e-08
5.454785024480425943e-08
5.438645348287739976e-08
5.401346435177033222e-08
5.324642299286169434e-08
5.153942105087804744e-08
5.099573693361258280e-08
5.023264327321405642e-08
4.980813563835167516e-08
4.928135684348745001e-08
4.884045582878517953e-08
4.795007088675745414e-08
4.766884820576025035e-08
4.668930797404307995e-08
4.616655232826030167e-08
4.573188273466894221e-08
4.484432051044987095e-08
4.363755614976330064e-08
4.344056326144934659e-08
4.246305108709644157e-08
4.154666208780752442e-08
4.125068421506416185e-08
4.034754096344246263e-08
3.963032477724712255e-08
3.887718762261596322e-08
3.855980029017093378e-08
3.789379520099707948e-08
3.768061657994826044e-08
3.704827431237508026e-08
3.658642476533572317e-08
3.590205715108099965e-08
3.536557344247058287e-08
3.425600067120265100e-08
3.364078377804867515e-08
3.324525102547219467e-08
3.265625427861298526e-08
3.213880290283140532e-08
3.156985229821240482e-08
3.058587686050173087e-08
3.039704705238327949e-08
3.002866890340941260e-08
2.948035178466806466e-08
2.909258229132736403e-08
2.812560593518799025e-08
2.764125803507823368e-08
2.692875756344772049e-08
2.626726565308369859e-08
2.620265340130589829e-08
2.515034561903672919e-08
2.443982249197958777e-08
2.433176586577608930e-08
2.367615029008030416e-08
2.339153729991315103e-08
2.253009367245832899e-08
2.188892408422573416e-08
2.146464092513677505e-08
2.135686728082032822e-08
2.069376676386247915e-08
2.000597442682501634e-08
1.943124557327034933e-08
1.869000555110593871e-08
1.843007734196053329e-08
1.780072502536525202e-08
1.742840203290499137e-08
1.660829053701813948e-08
1.632335774591277887e-08
1.615539841386446955e-08
1.529578129442439724e-08
1.460321984076847071e-08
1.402835453472625191e-08
1.360082400837016681e-08
1.294036821509461547e-08
1.202236648988903827e-08
1.150062241013968115e-08
1.114266851441788989e-08
1.110654965518682710e-08
1.007324820831944840e-08
9.114590008957220447e-09
8.746258525204657194e-09
8.418592105742524208e-09
7.289175488347454250e-09
6.923522230444866730e-09
5.867036502822755245e-09
5.367458108030406498e-09
5.005373299500108980e-09
4.566376945237519579e-09
4.352660682889474095e-09
3.572454181695557314e-09
3.503106139311731636e-09
3.175853887058922634e-09
2.379101264541166569e-09
2.036303814584724960e-09
1.531801023745326802e-09
1.182525724711989909e-09
4.065552843019859423e-10
